1.225823116302490234e+01 -1.294582557678222656e+01 -1.366321754455566406e+01 -1.429081344604492188e+01 -1.419230747222900391e+01 -1.132357978820800781e+01 -1.178079795837402344e+01 -1.329327297210693359e+01 -1.338758468627929688e+01 -1.298779010772705078e+01 -1.168248558044433594e+01 -1.368597888946533203e+01 -1.210707092285156250e+01 -1.254682159423828125e+01 -1.315020561218261719e+01 -1.234645080566406250e+01 -1.293686199188232422e+01
1.192650127410888672e+01 -1.277981472015380859e+01 -1.281610774993896484e+01 -1.374397754669189453e+01 -1.426623249053955078e+01 -1.263633060455322266e+01 -1.140013790130615234e+01 -1.296235084533691406e+01 -1.290314865112304688e+01 -1.288390254974365234e+01 -1.165983867645263672e+01 -1.398276615142822266e+01 -1.248952674865722656e+01 -1.238955211639404297e+01 -1.262690448760986328e+01 -1.213476467132568359e+01 -1.329393863677978516e+01
1.438227462768554688e+01 -1.565663433074951172e+01 -1.547126960754394531e+01 -1.676777458190917969e+01 -1.687778472900390625e+01 -1.512361145019531250e+01 -1.419020462036132812e+01 -1.638077735900878906e+01 -1.676329612731933594e+01 -1.642638969421386719e+01 -1.463105106353759766e+01 -1.597812843322753906e+01 -1.558249187469482422e+01 -1.579458522796630859e+01 -1.655361938476562500e+01 -1.465502071380615234e+01 -1.661082267761230469e+01
6.086397647857666016e+00 -6.689367771148681641e+00 -6.692378044128417969e+00 -7.790294170379638672e+00 -7.094722747802734375e+00 -6.583505630493164062e+00 -6.324880123138427734e+00 -6.654644966125488281e+00 -7.030081748962402344e+00 -6.528553009033203125e+00 -5.908593177795410156e+00 -7.391189575195312500e+00 -6.546691894531250000e+00 -6.004790306091308594e+00 -7.163742065429687500e+00 -6.272823333740234375e+00 -7.095532417297363281e+00
5.888786792755126953e+00 -6.415889263153076172e+00 -6.435400962829589844e+00 -7.561189174652099609e+00 -6.871548175811767578e+00 -6.276062011718750000e+00 -6.153870105743408203e+00 -6.417744636535644531e+00 -6.783120632171630859e+00 -6.291628360748291016e+00 -5.681065559387207031e+00 -7.155483245849609375e+00 -6.434089660644531250e+00 -5.808192253112792969e+00 -6.923040390014648438e+00 -6.119290351867675781e+00 -6.872503757476806641e+00
6.033394813537597656e+00 -6.567670345306396484e+00 -6.626928329467773438e+00 -7.693102359771728516e+00 -7.031646728515625000e+00 -6.470748901367187500e+00 -6.244801044464111328e+00 -6.599752426147460938e+00 -6.915678977966308594e+00 -6.390744209289550781e+00 -5.901668548583984375e+00 -7.341660499572753906e+00 -6.529026031494140625e+00 -5.953595161437988281e+00 -7.083719253540039062e+00 -6.239932060241699219e+00 -7.026309967041015625e+00
1.383415508270263672e+01 -1.476245594024658203e+01 -1.566987037658691406e+01 -1.561712169647216797e+01 -1.683593368530273438e+01 -1.490136432647705078e+01 -1.338406467437744141e+01 -1.581578540802001953e+01 -1.641678047180175781e+01 -1.544485664367675781e+01 -1.351547813415527344e+01 -1.633905792236328125e+01 -1.531016540527343750e+01 -1.558133506774902344e+01 -1.535496139526367188e+01 -1.478212833404541016e+01 -1.606475639343261719e+01
1.467446899414062500e+01 -1.474908924102783203e+01 -1.471674823760986328e+01 -1.668400192260742188e+01 -1.579019546508789062e+01 -1.410569190979003906e+01 -1.348446655273437500e+01 -1.527053070068359375e+01 -1.537578010559082031e+01 -1.445674705505371094e+01 -1.339313602447509766e+01 -1.552349281311035156e+01 -1.452593612670898438e+01 -1.502887248992919922e+01 -1.540942955017089844e+01 -1.403853225708007812e+01 -1.614109611511230469e+01
1.098523426055908203e+01 -1.199684047698974609e+01 -1.205188846588134766e+01 -1.252011775970458984e+01 -1.238753032684326172e+01 -1.169583320617675781e+01 -1.117781162261962891e+01 -1.198082256317138672e+01 -1.228646850585937500e+01 -1.139913558959960938e+01 -1.050619220733642578e+01 -1.285582160949707031e+01 -1.196684074401855469e+01 -1.209361934661865234e+01 -1.204167747497558594e+01 -1.156381511688232422e+01 -1.260762119293212891e+01
1.017012500762939453e+01 -1.106631851196289062e+01 -1.005343818664550781e+01 -1.158482456207275391e+01 -1.121765995025634766e+01 -1.047862625122070312e+01 -1.020564365386962891e+01 -1.151675415039062500e+01 -1.100814437866210938e+01 -1.041508102416992188e+01 -9.802912712097167969e+00 -1.151396465301513672e+01 -1.059997177124023438e+01 -1.049326133728027344e+01 -1.109533119201660156e+01 -1.073932170867919922e+01 -1.182826137542724609e+01
1.401804161071777344e+01 -1.473543643951416016e+01 -1.462356472015380859e+01 -1.565575218200683594e+01 -1.639740371704101562e+01 -1.484357833862304688e+01 -1.361978435516357422e+01 -1.495109748840332031e+01 -1.547379112243652344e+01 -1.421791934967041016e+01 -1.309934902191162109e+01 -1.503575038909912109e+01 -1.411670303344726562e+01 -1.465375614166259766e+01 -1.541216087341308594e+01 -1.404794025421142578e+01 -1.536246871948242188e+01
